13458748207
13638912254
15907483254
18474050524
13017745249
15568852243
15543742799
18340422524
15873894534
13157064834
15543272724
17067988847
13467389564
15543546026
13157046248
15543543365
13248754226
15590581140
15282889634
17173203142
17152802037
17176822346
13045708164
15717580343
17809242165
17044080377
13211576917
17081494782
17057599909
18473844012
15526878294
15543108124
15568809334
17080451425
17183226884
15584368704
17081487637
17084921933
15096077463
17098987473
17198224582
15543508124
18227110462
17195084346
18308430148
13059722224
17044215087
17088017322
17077382704
17186340774
15543492031
17071351140
17084925807
15273808504
15543191540
15273870634
17073654469
18374270914
17089614414
17073827142
18668704778
17031469942
17088576146
18474052007
17088011239
17194057636
13175734437
17099971417
13089410754
18390573874
13186728954
17084071942
17125192820
17073683977
17055718317
15873860234
17129381244
15662232474
13095811841
15543580614
15584126754
17181771463
13024683465
15584275840
17074735316
17069474382
17072489307
15584362342
15543419859
15073451233
17041325911
17168002423
17188846852
17072489012
17068331018
17072555450
13157011459
18227129940
15584204794
15543548220
15543711974
18474069014
17084208478
15526809554
17080194252
15590052174
15590554094
17176772316
17191531075
17068330125
18522505438
17075167040
15584243886
17068331978
17098081743
13089117324
15567040204
13095706246
15568754942
15504424784
17085334573
17068330982
17132732684
17056038203
17198372776
15504485945
18216480148
18474057972
15584269048
15116807296
13216804900
13136259854
18216464258
13022629994
15543586394
13116844132
17180896411
17196218642
15567186746
15590676074
13116809448
15096042446
15604465942
15567718634
18216476741
15084298892
17063168644
15584228474
15008387974
15543278954
18474050973
17153223814
13186784315
15873866924
15568841164
13116843469
17186417402
15643639547
17097697202
15543401361
17082004751
15506019984
13469119669
15543677364
18390576344
15892489574
17165461314
17138284706
13186770478
18216461404
17186416821
17187497675
15074792340
15584220446
15584362934
13175807154
17074108765
13094749145
17643164154
13017744172
17097184342
17134214835
15273851524
15584101040
13095804905
18374143654
13059835794
17135040640
15543416461
15584347157
17072472162
15087147749
13184289482
17186416925
15543623240
15183679149
17051616064
15543498058
15643135243
17138284489
15504458864
15506018464
17098226021
17137840440
18473899234
17057599845
15604499502
18473833384
15726719435
13614244707
18220589407
17176804910
17175430846
15584340018
17097471611
18374271914
17165414362
17130134175
13601223469
13826090504
14716980512
14716990512